============================================================
Absorbed power fraction per ray (1 - W_final/W_initial)
============================================================
 Ray        Farina     Westerhof     qlabs(MJ)    qlabs(EDF)
------------------------------------------------------------
   0          0.9999        0.9999        0.9999        0.9999
   1          0.9999        0.9999        0.9999        0.9999
   2          0.9999        0.9999        0.9999        0.9999
   3          0.9999        0.9999        0.9999        0.9999
   4          0.9999        0.9999        0.9999        0.9999
   5          0.9999        0.9999        0.9999        0.9999
   6          0.9999        0.9999        0.9999        0.9999
   7          0.9999        0.9999        0.9999        0.9999
   8          0.9999        0.9999        0.9999        0.9999
   9          0.9999        0.9999        0.9999        0.9999
  10          0.9999        0.9999        0.9999        0.9999
  11          0.9999        0.9999        0.9999        0.9999
  12          0.9999        0.9999        0.9999        0.9999
  13          0.9999        0.9999        0.9999        0.9999
  14          0.9999        0.9999        0.9999        0.9999
  15          0.9999        0.9999        0.9999        0.9999
  16          0.9999        0.9999        0.9999        0.9999
  17          0.9999        0.9999        0.9999        0.9999
  18          0.9999        0.9999        0.9999        0.9999
  19          0.9999        0.9999        0.9999        0.9999
  20          0.9999        0.9999        0.9999        0.9999
  21          0.9999        0.9999        0.9999        0.9999
  22          0.9999        0.9999        0.9999        0.9999
  23          0.9999        0.9999        0.9999        0.9999
  24          0.9999        0.9999        0.9999        0.9999
  25          0.9999        0.9999        0.9999        0.9999
  26          0.9999        0.9999        0.9999        0.9999
  27          0.9999        0.9999        0.9999        0.9999
  28          0.9999        0.9999        0.9999        0.9999
  29          0.9999        0.9999        0.9999        0.9999
  30          0.9999        0.9999        0.9999        0.9999
  31          0.9999        0.9999        0.9999        0.9999
  32          0.9999        0.9999        0.9999        0.9999
  33          0.9999        0.9999        0.9999        0.9999
  34          0.9999        0.9999        0.9999        0.9999
  35          0.9999        0.9999        0.9999        0.9999
  36          0.9999        0.9999        0.9999        0.9999
  37          0.9999        0.9999        0.9999        0.9999
  38          0.9999        0.9999        0.9999        0.9999
  39          0.9999        0.9999        0.9999        0.9999
  40          0.9999        0.9999        0.9999        0.9999
  41          0.9999        0.9999        0.9999        0.9999
  42          0.9999        0.9999        0.9999        0.9999
  43          0.9999        0.9999        0.9999        0.9999
  44          0.9999        0.9999        0.9999        0.9999
  45          0.9999        0.9999        0.9999        0.9999
  46          0.9999        0.9999        0.9999        0.9999
  47          0.9999        0.9999        0.9999        0.9999
  48          0.9999        0.9999        0.9999        0.9999
  49          0.9999        0.9999        0.9999        0.9999
------------------------------------------------------------
mean        0.9999        0.9999        0.9999        0.9999
============================================================

Ratio qlabs(EDF) / Farina per ray:
  Ray 0: 1.0000
  Ray 1: 1.0000
  Ray 2: 1.0000
  Ray 3: 1.0000
  Ray 4: 1.0000
  Ray 5: 1.0000
  Ray 6: 1.0000
  Ray 7: 1.0000
  Ray 8: 1.0000
  Ray 9: 1.0000
  Ray 10: 1.0000
  Ray 11: 1.0000
  Ray 12: 1.0000
  Ray 13: 1.0000
  Ray 14: 1.0000
  Ray 15: 1.0000
  Ray 16: 1.0000
  Ray 17: 1.0000
  Ray 18: 1.0000
  Ray 19: 1.0000
  Ray 20: 1.0000
  Ray 21: 1.0000
  Ray 22: 1.0000
  Ray 23: 1.0000
  Ray 24: 1.0000
  Ray 25: 1.0000
  Ray 26: 1.0000
  Ray 27: 1.0000
  Ray 28: 1.0000
  Ray 29: 1.0000
  Ray 30: 1.0000
  Ray 31: 1.0000
  Ray 32: 1.0000
  Ray 33: 1.0000
  Ray 34: 1.0000
  Ray 35: 1.0000
  Ray 36: 1.0000
  Ray 37: 1.0000
  Ray 38: 1.0000
  Ray 39: 1.0000
  Ray 40: 1.0000
  Ray 41: 1.0000
  Ray 42: 1.0000
  Ray 43: 1.0000
  Ray 44: 1.0000
  Ray 45: 1.0000
  Ray 46: 1.0000
  Ray 47: 1.0000
  Ray 48: 1.0000
  Ray 49: 1.0000
